0,0,0,0,0,0,0,0,0,0,0,0,0,0,0,0,0,0,0,0,0,0,0,0,0,0,0,0,0,0,0,0,0,0,0,0,0,0,0,0,0,0,0,0,0,0,0,0,0,0,0,0,0,0,0,0,0,0,0,0,0,0,0,0,0,0,0
0,1.4582e-18,1.1539e-17,8.5187e-17,6.6574e-16,5.5384e-15,4.8215e-14,4.3101e-13,3.8866e-12,3.4744e-11,3.0241e-10,2.5157e-09,1.9628e-08,1.4108e-07,9.1899e-07,5.353e-06,2.7605e-05,0.00012527,0.00049911,0.0017476,0.0053975,0.014782,0.036124,0.07927,0.15711,0.28261,0.46297,0.69216,0.94484,1.1766,1.3338,1.3716,1.2739,1.0628,0.79103,0.52111,0.30093,0.15055,0.064309,0.023017,0.0067338,0.0015554,0.00026941,3.2137e-05,2.2324e-06,5.487e-08,-6.2095e-10,3.2765e-11,-2.8588e-12,3.2005e-13,-3.8499e-14,3.357e-15,6.1726e-16,-6.4991e-16,3.7296e-16,-1.933e-16,9.8251e-17,-5.1022e-17,2.663e-17,-1.4823e-17,7.873e-18,-4.9606e-18,2.4343e-18,-2.0033e-18,6.5658e-19,-1.0419e-18,0
0,1.1539e-17,8.6401e-17,5.9458e-16,4.3381e-15,3.3946e-14,2.7965e-13,2.3719e-12,2.0294e-11,1.7186e-10,1.414e-09,1.1097e-08,8.1557e-08,5.5177e-07,3.384e-06,1.8579e-05,9.0481e-05,0.00038881,0.0014716,0.0049133,0.014526,0.038236,0.090168,0.19169,0.36945,0.64845,1.0399,1.526,2.0499,2.5174,2.8193,2.8689,2.6402,2.1848,1.6145,1.0568,0.60677,0.30197,0.12836,0.045732,0.013319,0.0030625,0.00052785,6.2589e-05,4.3099e-06,1.0366e-07,-1.209e-09,6.3711e-11,-5.5167e-12,6.0961e-13,-7.1345e-14,5.5035e-15,1.5228e-15,-1.3738e-15,7.6567e-16,-3.9179e-16,1.9771e-16,-1.0216e-16,5.315e-17,-2.9495e-17,1.5642e-17,-9.8295e-18,4.8236e-18,-3.9569e-18,1.2995e-18,-2.054e-18,0
0,8.5187e-17,5.9458e-16,3.7195e-15,2.4575e-14,1.7572e-13,1.3376e-12,1.0571e-11,8.4686e-11,6.73e-10,5.2001e-09,3.8319e-08,2.6437e-07,1.6787e-06,9.6643e-06,4.9845e-05,0.00022837,0.00092506,0.0033095,0.010477,0.029478,0.074136,0.16772,0.34349,0.64036,1.0915,1.7059,2.448,3.2251,3.8943,4.2977,4.3175,3.9288,3.2188,2.3575,1.5308,0.87252,0.4313,0.18216,0.064495,0.018666,0.0042636,0.00072927,8.5631e-05,5.8063e-06,1.3389e-07,-1.6626e-09,8.7268e-11,-7.4496e-12,8.0288e-13,-8.8773e-14,4.898e-15,2.93e-15,-2.1744e-15,1.1582e-15,-5.805e-16,2.8947e-16,-1.4837e-16,7.6774e-17,-4.2393e-17,2.2428e-17,-1.4031e-17,6.8869e-18,-5.6184e-18,1.852e-18,-2.9076e-18,0
0,6.6574e-16,4.3381e-15,2.4575e-14,1.4514e-13,9.304e-13,6.4174e-12,4.6446e-11,3.4344e-10,2.5319e-09,1.8201e-08,1.2497e-07,8.039e-07,4.7613e-06,2.5581e-05,0.00012322,0.00052794,0.0020037,0.0067329,0.020082,0.053422,0.12753,0.27506,0.53944,0.96734,1.593,2.4154,3.3758,4.3461,5.1438,5.5782,5.5187,4.9544,4.0105,2.9059,1.8684,1.0553,0.51722,0.21666,0.076086,0.021835,0.0049413,0.00083592,9.671e-05,6.3974e-06,1.3696e-07,-1.8959e-09,9.87e-11,-8.2265e-12,8.4804e-13,-8.3532e-14,5.0878e-16,4.9405e-15,-3.0296e-15,1.5255e-15,-7.4385e-16,3.6495e-16,-1.8494e-16,9.4979e-17,-5.2077e-17,2.7456e-17,-1.7067e-17,8.3807e-18,-6.7822e-18,2.2485e-18,-3.4945e-18,0
0,5.5384e-15,3.3946e-14,1.7572e-13,9.304e-13,5.318e-12,3.2861e-11,2.1491e-10,1.4477e-09,9.7818e-09,6.4712e-08,4.0993e-07,2.4367e-06,1.3351e-05,6.6417e-05,0.00029658,0.0011798,0.0041656,0.013056,0.036437,0.091024,0.2049,0.41855,0.78116,1.3396,2.12,3.1036,4.2063,5.2718,6.0948,6.4754,6.2918,5.5588,4.4358,3.1726,2.0158,1.126,0.54604,0.22637,0.078662,0.022323,0.0049883,0.00083088,9.4066e-05,5.9901e-06,1.127e-07,-1.8437e-09,9.503e-11,-7.6177e-12,7.2231e-13,-5.3311e-14,-7.755e-15,7.4674e-15,-3.8813e-15,1.838e-15,-8.6748e-16,4.1713e-16,-2.0836e-16,1.0597e-16,-5.7574e-17,3.0218e-17,-1.8624e-17,9.1517e-18,-7.3257e-18,2.4483e-18,-3.7523e-18,0
0,4.8215e-14,2.7965e-13,1.3376e-12,6.4174e-12,3.2861e-11,1.8154e-10,1.0654e-09,6.476e-09,3.9693e-08,2.3915e-07,1.3838e-06,7.5289e-06,3.7818e-05,0.00017275,0.00070944,0.0026006,0.0084818,0.024624,0.063863,0.14881,0.31377,0.60317,1.0646,1.7357,2.6252,3.6922,4.8304,5.8698,6.6049,6.8524,6.5196,5.6532,4.4356,3.124,1.9567,1.0783,0.51614,0.21121,0.072412,0.020251,0.0044494,0.0007254,7.9611e-05,4.7855e-06,7.1223e-08,-1.4765e-09,7.5749e-11,-5.6629e-12,4.4037e-13,-1.9716e-15,-1.8855e-14,1.021e-14,-4.6356e-15,2.0641e-15,-9.3999e-16,4.4166e-16,-2.1688e-16,1.0901e-16,-5.8561e-17,3.0565e-17,-1.8636e-17,9.1663e-18,-7.2351e-18,2.4437e-18,-3.6772e-18,0
0,4.3101e-13,2.3719e-12,1.0571e-11,4.6446e-11,2.1491e-10,1.0654e-09,5.6036e-09,3.0586e-08,1.6885e-07,9.1895e-07,4.815e-06,2.3775e-05,0.00010859,0.00045186,0.0016942,0.0056831,0.017007,0.045443,0.10884,0.23509,0.46144,0.82962,1.3766,2.1213,3.0497,4.0997,5.1536,6.0463,6.5964,6.6594,6.1841,5.2467,4.0362,2.7914,1.7188,0.93191,0.43898,0.17675,0.059573,0.016349,0.0035122,0.00055608,5.8398e-05,3.2165e-06,2.9035e-08,-8.5305e-10,4.3818e-11,-2.7087e-12,5.5558e-14,6.0694e-14,-3.0739e-14,1.2695e-14,-5.1758e-15,2.1745e-15,-9.5451e-16,4.3738e-16,-2.107e-16,1.0449e-16,-5.539e-17,2.8718e-17,-1.7284e-17,8.5114e-18,-6.6023e-18,2.2601e-18,-3.3229e-18,0
0,3.8866e-12,2.0294e-11,8.4686e-11,3.4344e-10,1.4477e-09,6.476e-09,3.0586e-08,1.497e-07,7.4136e-07,3.6245e-06,1.7088e-05,7.6054e-05,0.00031372,0.0011816,0.0040194,0.012265,0.033488,0.081894,0.18014,0.3587,0.65179,1.0899,1.6906,2.4491,3.3291,4.2563,5.1173,5.7716,6.0809,5.9516,5.3757,4.4479,3.344,2.2638,1.3661,0.72632,0.33555,0.13243,0.043688,0.011701,0.0024407,0.00037143,3.6651e-05,1.7629e-06,4.8679e-10,-1.6746e-10,6.8697e-12,5.7856e-13,-3.4557e-13,1.2054e-13,-4.0733e-14,1.4372e-14,-5.3871e-15,2.1483e-15,-9.0992e-16,4.0637e-16,-1.9182e-16,9.3727e-17,-4.8957e-17,2.519e-17,-1.4936e-17,7.3645e-18,-5.5956e-18,1.9468e-18,-2.7822e-18,0
0,3.4744e-11,1.7186e-10,6.73e-10,2.5319e-09,9.7818e-09,3.9693e-08,1.6885e-07,7.4136e-07,3.2881e-06,1.4394e-05,6.0803e-05,0.00024278,0.0009,0.003053,0.0093765,0.025906,0.064232,0.14311,0.28776,0.52577,0.88015,1.362,1.9651,2.6627,3.4057,4.1217,4.7183,5.0943,5.1628,4.8803,4.2719,3.4349,2.515,1.6609,0.97871,0.50837,0.22941,0.088345,0.028376,0.007369,0.001479,0.00021337,1.9267e-05,7.4163e-07,-9.9713e-09,3.1194e-10,-2.3298e-11,3.2814e-12,-6.5713e-13,1.6194e-13,-4.6158e-14,1.4753e-14,-5.1878e-15,1.9793e-15,-8.1147e-16,3.5358e-16,-1.6355e-16,7.8705e-17,-4.0473e-17,2.0653e-17,-1.2044e-17,5.9477e-18,-4.4129e-18,1.5645e-18,-2.1626e-18,0
0,3.0241e-10,1.414e-09,5.2001e-09,1.8201e-08,6.4712e-08,2.3915e-07,9.1895e-07,3.6245e-06,1.4394e-05,5.6334e-05,0.00021271,0.00075969,0.0025227,0.0076807,0.021224,0.052904,0.11869,0.24003,0.43953,0.73391,1.1271,1.6071,2.1472,2.7091,3.2457,3.7023,4.0185,4.1367,4.0168,3.6533,3.0876,2.4038,1.7077,1.0959,0.62814,0.31743,0.13927,0.05206,0.016177,0.0040402,0.00077139,0.00010354,8.2165e-06,2.0669e-07,-8.1439e-09,4.3058e-10,-3.5852e-11,4.5161e-12,-7.8375e-13,1.7218e-13,-4.5128e-14,1.3572e-14,-4.5618e-15,1.6818e-15,-6.7109e-16,2.8618e-16,-1.2995e-16,6.1638e-17,-3.1212e-17,1.5796e-17,-9.0529e-18,4.4777e-18,-3.2366e-18,1.1717e-18,-1.5598e-18,0
0,2.5157e-09,1.1097e-08,3.8319e-08,1.2497e-07,4.0993e-07,1.3838e-06,4.815e-06,1.7088e-05,6.0803e-05,0.00021271,0.00071721,0.0022879,0.0067929,0.018524,0.045948,0.10307,0.20866,0.38187,0.63474,0.96519,1.3549,1.7731,2.1848,2.5564,2.8574,3.0599,3.137,3.0675,2.8433,2.479,2.0154,1.5134,1.0392,0.64546,0.3583,0.17533,0.074407,0.026833,0.0080059,0.0019038,0.00034069,4.144e-05,2.697e-06,1.5756e-08,-3.111e-09,2.7791e-10,-2.9203e-11,3.9657e-12,-6.8884e-13,1.4748e-13,-3.7468e-14,1.0943e-14,-3.5864e-15,1.2941e-15,-5.0697e-16,2.1283e-16,-9.5252e-17,4.4652e-17,-2.2307e-17,1.1206e-17,-6.3149e-18,3.1295e-18,-2.2013e-18,8.1487e-19,-1.0415e-18,0
0,1.9628e-08,8.1557e-08,2.6437e-07,8.039e-07,2.4367e-06,7.5289e-06,2.3775e-05,7.6054e-05,0.00024278,0.00075969,0.0022879,0.0065169,0.017289,0.042184,0.093794,0.18901,0.34456,0.56924,0.85643,1.1822,1.5115,1.8089,2.0479,2.2137,2.3001,2.3041,2.2234,2.0581,1.8148,1.5115,1.1778,0.84982,0.56176,0.33627,0.17995,0.084839,0.03462,0.01196,0.0033961,0.00075948,0.00012491,1.3232e-05,6.1125e-07,-1.6082e-08,-1.4568e-10,8.1418e-11,-1.349e-11,2.2655e-12,-4.3581e-13,9.7767e-14,-2.5321e-14,7.4404e-15,-2.4376e-15,8.7657e-16,-3.4166e-16,1.4259e-16,-6.3372e-17,2.9516e-17,-1.4608e-17,7.3032e-18,-4.0557e-18,2.0154e-18,-1.3804e-18,5.2275e-19,-6.4075e-19,0
0,1.4108e-07,5.5177e-07,1.6787e-06,4.7613e-06,1.3351e-05,3.7818e-05,0.00010859,0.00031372,0.0009,0.0025227,0.0067929,0.017289,0.040993,0.089475,0.17822,0.32225,0.52811,0.7859,1.0673,1.3332,1.5471,1.6867,1.7478,1.739,1.6736,1.5631,1.4154,1.2363,1.0338,0.81976,0.61002,0.42136,0.26705,0.15338,0.078745,0.035569,0.013866,0.0045525,0.0012171,0.000252,3.7061e-05,3.1981e-06,6.3725e-08,-7.8536e-09,4.5257e-10,-1.5265e-11,-1.4981e-12,6.2281e-13,-1.6666e-13,4.439e-14,-1.2703e-14,3.9699e-15,-1.353e-15,4.9933e-16,-1.9794e-16,8.3505e-17,-3.7326e-17,1.7437e-17,-8.6154e-18,4.3077e-18,-2.3685e-18,1.1823e-18,-7.9088e-19,3.063e-19,-3.6061e-19,0
0,9.1899e-07,3.384e-06,9.6643e-06,2.5581e-05,6.6417e-05,0.00017275,0.00045186,0.0011816,0.003053,0.0076807,0.018524,0.042184,0.089475,0.17478,0.31181,0.50552,0.74369,0.99473,1.2161,1.3699,1.4372,1.4216,1.3426,1.2246,1.0877,0.94408,0.79968,0.65726,0.51961,0.39101,0.27693,0.18242,0.11039,0.060557,0.029672,0.012764,0.0047194,0.0014588,0.0003625,6.8063e-05,8.5899e-06,5.2515e-07,-1.1823e-08,-1.2707e-09,2.1288e-10,-2.3471e-11,2.2775e-12,-1.7552e-13,-2.9394e-15,7.8405e-15,-3.5511e-15,1.3939e-15,-5.4461e-16,2.1971e-16,-9.2534e-17,4.071e-17,-1.8729e-17,8.9253e-18,-4.4604e-18,2.2505e-18,-1.2352e-18,6.2165e-19,-4.0852e-19,1.6169e-19,-1.837e-19,0
0,5.353e-06,1.8579e-05,4.9845e-05,0.00012322,0.00029658,0.00070944,0.0016942,0.0040194,0.0093765,0.021224,0.045948,0.093794,0.17822,0.31181,0.49832,0.72393,0.95467,1.1451,1.2562,1.2712,1.2003,1.0718,0.918,0.76407,0.62375,0.50138,0.39607,0.30541,0.22759,0.16202,0.10884,0.068111,0.039187,0.020433,0.0095026,0.0038674,0.0013451,0.00038717,8.7963e-05,1.4552e-05,1.468e-06,3.9261e-08,-5.8202e-09,1.966e-10,2.8806e-11,-8.1932e-12,1.4881e-12,-2.4575e-13,3.927e-14,-5.8518e-15,6.2573e-16,7.3608e-17,-9.9853e-17,5.8991e-17,-3.0316e-17,1.5055e-17,-7.4964e-18,3.768e-18,-1.9511e-18,1.0095e-18,-5.6075e-19,2.864e-19,-1.8674e-19,7.5481e-20,-8.3469e-20,0
0,2.7605e-05,9.0481e-05,0.00022837,0.00052794,0.0011798,0.0026006,0.0056831,0.012265,0.025906,0.052904,0.10307,0.18901,0.32225,0.50552,0.72393,0.94187,1.1117,1.1928,1.1699,1.0584,0.89431,0.71644,0.55307,0.41763,0.31181,0.23117,0.16972,0.1224,0.085714,0.057535,0.036524,0.021628,0.011777,0.0058073,0.0025479,0.00097386,0.00031557,8.3451e-05,1.6961e-05,2.3644e-06,1.6325e-07,-4.9045e-09,-7.9793e-10,1.2427e-10,-8.5586e-12,-4.9183e-13,3.4568e-13,-9.7663e-14,2.3515e-14,-5.413e-15,1.2207e-15,-2.6343e-16,4.8847e-17,-3.8983e-18,-3.3954e-18,3.1863e-18,-2.0617e-18,1.1958e-18,-6.7678e-19,3.7069e-19,-2.1353e-19,1.1204e-19,-7.363e-20,3.0402e-20,-3.3166e-20,0
0,0.00012527,0.00038881,0.00092506,0.0020037,0.0041656,0.0084818,0.017007,0.033488,0.064232,0.11869,0.20866,0.34456,0.52811,0.74369,0.95467,1.1117,1.1724,1.1218,0.97935,0.78755,0.59129,0.42159,0.29092,0.19779,0.1342,0.091297,0.062043,0.041695,0.027341,0.017241,0.010302,0.0057468,0.0029473,0.0013665,0.00056178,0.00019995,5.9676e-05,1.4249e-05,2.5111e-06,2.7222e-07,6.8805e-09,-1.6613e-09,3.8943e-11,1.7838e-11,-3.9109e-12,4.851e-13,-1.9008e-14,-1.2486e-14,5.9699e-15,-2.005e-15,6.0732e-16,-1.7628e-16,4.956e-17,-1.32e-17,3.062e-18,-4.1263e-19,-1.6819e-19,2.1663e-19,-1.624e-19,1.0238e-19,-6.4364e-20,3.5547e-20,-2.4165e-20,1.0214e-20,-1.122e-20,0
0,0.00049911,0.0014716,0.0033095,0.0067329,0.013056,0.024624,0.045443,0.081894,0.14311,0.24003,0.38187,0.56924,0.7859,0.99473,1.1451,1.1928,1.1218,0.95396,0.73748,0.52338,0.34602,0.21728,0.13255,0.080301,0.049084,0.030436,0.019044,0.011873,0.0072587,0.0042809,0.0023963,0.0012529,0.00060171,0.0002606,9.9593e-05,3.2672e-05,8.8522e-06,1.8637e-06,2.7077e-07,1.8843e-08,-9.9119e-10,-1.4969e-10,2.6201e-11,-9.7436e-13,-4.4446e-13,1.4444e-13,-2.7887e-14,3.4037e-15,1.5305e-16,-3.0227e-16,1.4695e-16,-5.7068e-17,2.0278e-17,-6.8469e-18,2.2029e-18,-6.5764e-19,1.6528e-19,-2.1148e-20,-1.434e-20,1.7044e-20,-1.3749e-20,8.4741e-21,-6.2651e-21,2.727e-21,-3.1154e-21,0
0,0.0017476,0.0049133,0.010477,0.020082,0.036437,0.063863,0.10884,0.18014,0.28776,0.43953,0.63474,0.85643,1.0673,1.2161,1.2562,1.1699,0.97935,0.73748,0.5019,0.31169,0.1794,0.097839,0.051966,0.027646,0.015039,0.0084213,0.0048171,0.0027693,0.0015697,0.00086091,0.00044881,0.00021854,9.7598e-05,3.9168e-05,1.378e-05,4.1131e-06,9.9226e-07,1.7776e-07,1.9327e-08,2.8163e-10,-1.7508e-10,4.8982e-12,2.7079e-12,-5.6495e-13,4.0889e-14,1.0421e-14,-5.3538e-15,1.4738e-15,-2.9113e-16,2.9272e-17,9.8617e-18,-8.7034e-18,4.3895e-18,-1.8742e-18,7.3575e-19,-2.7182e-19,9.3891e-20,-2.9215e-20,6.9562e-21,-2.8696e-22,-1.4599e-21,1.2829e-21,-1.1765e-21,5.3507e-22,-6.7377e-22,0
0,0.0053975,0.014526,0.029478,0.053422,0.091024,0.14881,0.23509,0.3587,0.52577,0.73391,0.96519,1.1822,1.3332,1.3699,1.2712,1.0584,0.78755,0.52338,0.31169,0.16778,0.08292,0.038566,0.017458,0.0079838,0.0037965,0.0018942,0.00098067,0.00051554,0.0002688,0.00013604,6.5522e-05,2.9465e-05,1.2125e-05,4.4624e-06,1.4269e-06,3.8086e-07,7.9553e-08,1.1413e-08,7.1221e-10,-7.0545e-11,-8.3369e-12,1.8787e-12,-4.0639e-14,-5.0209e-14,1.3582e-14,-1.6672e-15,-1.7026e-16,1.7561e-16,-6.6142e-17,1.7937e-17,-3.3868e-18,5.5606e-20,3.7452e-19,-2.6215e-19,1.3419e-19,-6.0255e-20,2.4913e-20,-9.5985e-21,3.3612e-21,-1.0162e-21,1.6476e-22,4.8469e-23,-1.3255e-22,6.5962e-23,-1.0463e-22,0
0,0.014782,0.038236,0.074136,0.12753,0.2049,0.31377,0.46144,0.65179,0.88015,1.1271,1.3549,1.5115,1.5471,1.4372,1.2003,0.89431,0.59129,0.34602,0.1794,0.08292,0.03465,0.013432,0.0050293,0.0019143,0.00077381,0.00033707,0.00015563,7.3901e-05,3.5036e-05,1.6175e-05,7.1139e-06,2.9188e-06,1.0925e-06,3.6335e-07,1.0373e-07,2.414e-08,4.1744e-09,4.2205e-10,-3.0905e-12,-5.3518e-12,2.4755e-13,1.0249e-13,-2.2556e-14,7.2178e-16,8.4316e-16,-2.9972e-16,5.4386e-17,-2.9819e-19,-4.4284e-18,2.2748e-18,-7.892e-19,2.0437e-19,-2.8857e-20,-9.2009e-21,1.1056e-20,-6.8651e-21,3.4899e-21,-1.5923e-21,6.6623e-22,-2.5742e-22,8.4329e-23,-2.3247e-23,-3.209e-24,2.8422e-24,-1.0082e-23,0
0,0.036124,0.090168,0.16772,0.27506,0.41855,0.60317,0.82962,1.0899,1.362,1.6071,1.7731,1.8089,1.6867,1.4216,1.0718,0.71644,0.42159,0.21728,0.097839,0.038566,0.013432,0.0042276,0.0012573,0.00037877,0.00012422,4.5689e-05,1.8381e-05,7.7317e-06,3.2713e-06,1.352e-06,5.3269e-07,1.9551e-07,6.5179e-08,1.9137e-08,4.7396e-09,9.2284e-10,1.2141e-10,5.5734e-12,-1.1177e-12,-8.8764e-14,2.9705e-14,-7.291e-16,-9.4946e-16,2.3808e-16,-1.4048e-17,-1.0252e-17,4.8071e-18,-1.1762e-18,1.0451e-19,6.7931e-20,-4.9783e-20,2.1321e-20,-6.8447e-21,1.4939e-21,2.0249e-23,-2.7082e-22,2.0984e-22,-1.2019e-22,5.9547e-23,-2.691e-23,1.0885e-23,-4.1317e-24,9.7525e-25,-3.1135e-25,-4.2509e-25,0
0,0.07927,0.19169,0.34349,0.53944,0.78116,1.0646,1.3766,1.6906,1.9651,2.1472,2.1848,2.0479,1.7478,1.3426,0.918,0.55307,0.29092,0.13255,0.051966,0.017458,0.0050293,0.0012573,0.00028319,6.2471e-05,1.5263e-05,4.4548e-06,1.4994e-06,5.398e-07,1.9685e-07,7.0238e-08,2.3868e-08,7.5279e-09,2.1409e-09,5.2881e-10,1.072e-10,1.603e-11,1.2893e-12,-5.935e-14,-1.9801e-14,1.5962e-15,3.8595e-16,-9.9133e-17,1.8847e-18,4.3459e-18,-1.2974e-18,1.3012e-19,5.0656e-20,-3.2359e-20,1.0055e-20,-1.6132e-21,-3.0323e-22,3.8691e-22,-2.0101e-22,7.582e-23,-2.092e-23,2.417e-24,1.9451e-24,-2.0307e-24,1.2973e-24,-6.922e-25,3.2464e-25,-1.4276e-25,5.0398e-26,-1.9994e-26,-4.5835e-28,0
0,0.15711,0.36945,0.64036,0.96734,1.3396,1.7357,2.1213,2.4491,2.6627,2.7091,2.5564,2.2137,1.739,1.2246,0.76407,0.41763,0.19779,0.080301,0.027646,0.0079838,0.0019143,0.00037877,6.2471e-05,9.137e-06,1.41e-06,2.8383e-07,7.3404e-08,2.0967e-08,6.0486e-09,1.686e-09,4.3911e-10,1.0324e-10,2.0999e-11,3.4713e-12,4.1692e-13,2.7215e-14,-2.3826e-16,-2.481e-17,1.5382e-17,-6.994e-18,1.4746e-19,4.6334e-19,-1.2321e-19,-6.5997e-22,1.063e-20,-3.9091e-21,5.4809e-22,1.8328e-22,-1.5852e-22,6.2037e-23,-1.374e-23,-8.6203e-25,2.7827e-24,-1.7793e-24,7.8906e-25,-2.6001e-25,4.7925e-26,1.5014e-26,-2.307e-26,1.6872e-26,-9.6863e-27,4.9953e-27,-2.176e-27,9.6482e-28,-2.7411e-28,0
0,0.28261,0.64845,1.0915,1.593,2.12,2.6252,3.0497,3.3291,3.4057,3.2457,2.8574,2.3001,1.6736,1.0877,0.62375,0.31181,0.1342,0.049084,0.015039,0.0037965,0.00077381,0.00012422,1.5263e-05,1.41e-06,1.0608e-07,9.7691e-09,1.4862e-09,2.4974e-10,3.2443e-11,4.2913e-13,-1.5952e-12,-6.6221e-13,-1.7039e-13,-2.9889e-14,-3.0855e-15,-5.7228e-17,1.5242e-17,-2.2444e-18,9.3435e-20,1.7691e-19,-4.6842e-20,-2.9617e-21,4.7669e-21,-1.2244e-21,-3.8239e-23,1.4786e-22,-6.0625e-23,1.0358e-23,2.9234e-24,-3.1687e-24,1.4395e-24,-3.8594e-25,4.648e-27,6.8527e-26,-5.1422e-26,2.5517e-26,-9.4331e-27,2.1571e-27,3.1116e-28,-7.8847e-28,6.2966e-28,-3.9342e-28,2.0383e-28,-9.9046e-29,4.461e-29,0
0,0.46297,1.0399,1.7059,2.4154,3.1036,3.6922,4.0997,4.2563,4.1217,3.7023,3.0599,2.3041,1.5631,0.94408,0.50138,0.23117,0.091297,0.030436,0.0084213,0.0018942,0.00033707,4.5689e-05,4.4548e-06,2.8383e-07,9.7691e-09,1.0126e-10,-5.7879e-12,-2.25e-12,-3.5621e-13,4.0741e-14,4.7301e-14,1.7632e-14,4.1639e-15,6.1142e-16,3.5021e-17,-3.5753e-18,-4.2043e-20,1.1656e-19,-3.159e-20,-1.8944e-21,3.0894e-21,-6.358e-22,-1.0748e-22,1.0207e-22,-2.6292e-23,-1.5093e-24,4.1697e-24,-1.8647e-24,3.6747e-25,9.1271e-26,-1.1922e-25,6.0644e-26,-1.856e-26,1.1216e-27,3.0384e-27,-2.5988e-27,1.4058e-27,-5.6379e-28,1.4685e-28,1.0013e-29,-4.5529e-29,4.0271e-29,-2.5732e-29,1.384e-29,-8.1672e-30,0
0,0.69216,1.526,2.448,3.3758,4.2063,4.8304,5.1536,5.1173,4.7183,4.0185,3.137,2.2234,1.4154,0.79968,0.39607,0.16972,0.062043,0.019044,0.0048171,0.00098067,0.00015563,1.8381e-05,1.4994e-06,7.3404e-08,1.4862e-09,-5.7879e-12,3.3492e-13,5.6542e-14,8.0232e-15,-3.6578e-15,-2.366e-15,-7.6535e-16,-1.53e-16,-1.571e-17,3.8101e-19,1.7908e-19,-3.3778e-20,-9.5915e-22,2.6557e-21,-5.2592e-22,-1.1046e-22,8.2388e-23,-1.4138e-23,-4.5547e-24,3.5718e-24,-9.3073e-25,-8.1621e-26,1.8772e-25,-8.9821e-26,1.9582e-26,4.5709e-27,-6.8526e-27,3.7963e-27,-1.2762e-27,1.1673e-28,2.0231e-28,-1.9143e-28,1.1041e-28,-4.7052e-29,1.3162e-29,3.4339e-31,-3.8925e-30,3.6287e-30,-2.2388e-30,1.6958e-30,0
0,0.94484,2.0499,3.2251,4.3461,5.2718,5.8698,6.0463,5.7716,5.0943,4.1367,3.0675,2.0581,1.2363,0.65726,0.30541,0.1224,0.041695,0.011873,0.0027693,0.00051554,7.3901e-05,7.7317e-06,5.398e-07,2.0967e-08,2.4974e-10,-2.25e-12,5.6542e-14,-5.9014e-15,1.0426e-16,3.1566e-16,1.5806e-16,4.3065e-17,6.6233e-18,2.6431e-19,-8.5811e-20,7.3327e-22,3.0654e-21,-6.4144e-22,-1.0524e-22,8.2294e-23,-1.1112e-23,-5.6112e-24,3.1631e-24,-4.4947e-25,-2.5492e-25,1.8142e-25,-4.7534e-26,-6.0347e-27,1.2019e-26,-6.04e-27,1.4061e-27,3.3515e-28,-5.4315e-28,3.1998e-28,-1.1477e-28,1.2505e-29,1.8537e-29,-1.8752e-29,1.1341e-29,-5.0208e-30,1.4743e-30,1.7943e-32,-4.6203e-31,3.6607e-31,-3.8226e-31,0
0,1.1766,2.5174,3.8943,5.1438,6.0948,6.6049,6.5964,6.0809,5.1628,4.0168,2.8433,1.8148,1.0338,0.51961,0.22759,0.085714,0.027341,0.0072587,0.0015697,0.0002688,3.5036e-05,3.2713e-06,1.9685e-07,6.0486e-09,3.2443e-11,-3.5621e-13,8.0232e-15,1.0426e-16,-5.0262e-17,-2.729e-17,-1.3381e-17,-2.624e-18,-2.9278e-19,2.4903e-20,4.8635e-21,-1.1477e-21,-9.4504e-23,1.0212e-22,-1.4023e-23,-6.5421e-24,3.3091e-24,-2.5014e-25,-3.3958e-25,1.6491e-25,-1.8061e-26,-1.8556e-26,1.2408e-26,-3.222e-27,-5.8403e-28,1.0195e-27,-5.2873e-28,1.2726e-28,3.3835e-29,-5.5738e-29,3.4188e-29,-1.2778e-29,1.4571e-30,2.2068e-30,-2.3139e-30,1.4395e-30,-6.5308e-31,1.9915e-31,1.463e-32,-4.5417e-32,8.8437e-32,0
0,1.3338,2.8193,4.2977,5.5782,6.4754,6.8524,6.6594,5.9516,4.8803,3.6533,2.479,1.5115,0.81976,0.39101,0.16202,0.057535,0.017241,0.0042809,0.00086091,0.00013604,1.6175e-05,1.352e-06,7.0238e-08,1.686e-09,4.2913e-13,4.0741e-14,-3.6578e-15,3.1566e-16,-2.729e-17,7.1159e-18,6.8564e-19,2.3213e-19,-2.7486e-21,-2.9004e-21,-3.3455e-23,1.6489e-22,-2.6979e-23,-7.7792e-24,4.2379e-24,-2.4789e-25,-4.2612e-25,1.6916e-25,-9.0965e-28,-2.5334e-26,1.1109e-26,-7.6444e-28,-1.7031e-27,1.0841e-27,-2.7317e-28,-7.08e-29,1.0905e-28,-5.743e-29,1.3845e-29,4.4552e-30,-7.0851e-30,4.4425e-30,-1.6938e-30,1.8178e-31,3.2795e-31,-3.4538e-31,2.1711e-31,-1.0212e-31,2.6024e-32,-3.9773e-33,-1.9185e-32,0
0,1.3716,2.8689,4.3175,5.5187,6.2918,6.5196,6.1841,5.3757,4.2719,3.0876,2.0154,1.1778,0.61002,0.27693,0.10884,0.036524,0.010302,0.0023963,0.00044881,6.5522e-05,7.1139e-06,5.3269e-07,2.3868e-08,4.3911e-10,-1.5952e-12,4.7301e-14,-2.366e-15,1.5806e-16,-1.3381e-17,6.8564e-19,-2.0223e-19,-1.1465e-21,7.5404e-22,2.8525e-22,-5.8623e-23,-1.1957e-23,7.3662e-24,-6.7583e-25,-5.3566e-25,2.0611e-25,9.232e-27,-3.2347e-26,1.0677e-26,9.5037e-28,-2.306e-27,9.2727e-28,-1.3832e-29,-1.9117e-28,1.1624e-28,-2.7637e-29,-1.0358e-29,1.4178e-29,-7.4696e-30,1.7423e-30,7.2741e-31,-1.0791e-30,6.8044e-31,-2.5971e-31,2.2697e-32,5.8801e-32,-6.0006e-32,3.9114e-32,-1.6209e-32,6.9358e-33,2.9967e-33,0
0,1.2739,2.6402,3.9288,4.9544,5.5588,5.6532,5.2467,4.4479,3.4349,2.4038,1.5134,0.84982,0.42136,0.18242,0.068111,0.021628,0.0057468,0.0012529,0.00021854,2.9465e-05,2.9188e-06,1.9551e-07,7.5279e-09,1.0324e-10,-6.6221e-13,1.7632e-14,-7.6535e-16,4.3065e-17,-2.624e-18,2.3213e-19,-1.1465e-21,1.9567e-22,-1.5455e-22,-1.7052e-23,1.4384e-23,-1.477e-24,-9.4051e-25,3.8262e-25,-7.4931e-27,-3.8935e-26,1.118e-26,2.5137e-27,-2.9184e-27,8.0544e-28,1.8169e-28,-2.5097e-28,9.2468e-29,5.4655e-30,-2.5557e-29,1.4823e-29,-3.1974e-30,-1.775e-30,2.1764e-30,-1.1313e-30,2.4483e-31,1.4117e-31,-1.917e-31,1.199e-31,-4.4987e-32,2.1915e-33,1.1992e-32,-1.2505e-32,7.1185e-33,-4.0703e-33,3.2612e-34,0
0,1.0628,2.1848,3.2188,4.0105,4.4358,4.4356,4.0362,3.344,2.515,1.7077,1.0392,0.56176,0.26705,0.11039,0.039187,0.011777,0.0029473,0.00060171,9.7598e-05,1.2125e-05,1.0925e-06,6.5179e-08,2.1409e-09,2.0999e-11,-1.7039e-13,4.1639e-15,-1.53e-16,6.6233e-18,-2.9278e-19,-2.7486e-21,7.5404e-22,-1.5455e-22,5.4705e-23,-7.6816e-24,-1.2031e-24,6.5569e-25,-1.0595e-27,-7.5447e-26,2.3324e-26,1.411e-27,-3.0965e-27,5.9134e-28,4.0338e-28,-3.1182e-28,7.0156e-29,3.0561e-29,-3.1958e-29,1.0649e-29,1.7578e-30,-3.9775e-30,2.1906e-30,-4.0365e-31,-3.4807e-31,3.853e-31,-1.9499e-31,3.6879e-32,3.1481e-32,-3.8856e-32,2.3866e-32,-8.5188e-33,6.781e-35,3.042e-33,-2.5668e-33,1.8671e-33,-6.6586e-34,0
0,0.79103,1.6145,2.3575,2.9059,3.1726,3.124,2.7914,2.2638,1.6609,1.0959,0.64546,0.33627,0.15338,0.060557,0.020433,0.0058073,0.0013665,0.0002606,3.9168e-05,4.4624e-06,3.6335e-07,1.9137e-08,5.2881e-10,3.4713e-12,-2.9889e-14,6.1142e-16,-1.571e-17,2.6431e-19,2.4903e-20,-2.9004e-21,2.8525e-22,-1.7052e-23,-7.6816e-24,3.1517e-24,-4.3568e-25,-5.5144e-26,2.4005e-26,7.5701e-27,-7.0426e-27,1.7401e-27,2.3184e-28,-2.607e-28,1.2904e-29,6.4448e-29,-3.9061e-29,6.7866e-30,5.322e-30,-4.6637e-30,1.3678e-30,4.4651e-31,-7.0684e-31,3.6706e-31,-5.1787e-32,-7.6658e-32,7.7155e-32,-3.7498e-32,5.5932e-33,7.8534e-33,-8.8554e-33,5.2171e-33,-1.8194e-33,-2.1435e-34,7.0764e-34,-7.173e-34,4.5431e-34,0
0,0.52111,1.0568,1.5308,1.8684,2.0158,1.9567,1.7188,1.3661,0.97871,0.62814,0.3583,0.17995,0.078745,0.029672,0.0095026,0.0025479,0.00056178,9.9593e-05,1.378e-05,1.4269e-06,1.0373e-07,4.7396e-09,1.072e-10,4.1692e-13,-3.0855e-15,3.5021e-17,3.8101e-19,-8.5811e-20,4.8635e-21,-3.3455e-23,-5.8623e-23,1.4384e-23,-1.2031e-24,-4.3568e-25,1.9692e-25,-3.2171e-26,1.7858e-29,-5.8197e-28,1.5124e-27,-8.0616e-28,1.7256e-28,2.4268e-29,-2.0373e-29,-5.7657e-30,1.1152e-29,-5.6766e-30,6.9216e-31,9.9419e-31,-7.6498e-31,1.8751e-31,1.1236e-31,-1.4108e-31,6.838e-32,-5.6475e-33,-1.8677e-32,1.719e-32,-7.8984e-33,7.4388e-34,2.1744e-33,-2.1987e-33,1.2825e-33,-3.6781e-34,-7.2918e-35,2.1091e-34,-2.3937e-34,0
0,0.30093,0.60677,0.87252,1.0553,1.126,1.0783,0.93191,0.72632,0.50837,0.31743,0.17533,0.084839,0.035569,0.012764,0.0038674,0.00097386,0.00019995,3.2672e-05,4.1131e-06,3.8086e-07,2.414e-08,9.2284e-10,1.603e-11,2.7215e-14,-5.7228e-17,-3.5753e-18,1.7908e-19,7.3327e-22,-1.1477e-21,1.6489e-22,-1.1957e-23,-1.477e-24,6.5569e-25,-5.5144e-26,-3.2171e-26,1.5156e-26,-3.3621e-27,6.7125e-28,-4.0474e-28,2.7464e-28,-1.153e-28,2.4633e-29,8.101e-31,-5.8591e-31,-2.1154e-30,2.1375e-30,-9.4827e-31,6.7736e-32,2.0047e-31,-1.3843e-31,2.5466e-32,2.9481e-32,-3.1176e-32,1.3906e-32,-3.6896e-35,-4.9747e-33,4.1957e-33,-1.7978e-33,2.1284e-35,6.3825e-34,-6.1277e-34,3.2183e-34,-8.3974e-35,-2.078e-35,1.0538e-34,0
0,0.15055,0.30197,0.4313,0.51722,0.54604,0.51614,0.43898,0.33555,0.22941,0.13927,0.074407,0.03462,0.013866,0.0047194,0.0013451,0.00031557,5.9676e-05,8.8522e-06,9.9226e-07,7.9553e-08,4.1744e-09,1.2141e-10,1.2893e-12,-2.3826e-16,1.5242e-17,-4.2043e-20,-3.3778e-20,3.0654e-21,-9.4504e-23,-2.6979e-23,7.3662e-24,-9.4051e-25,-1.0595e-27,2.4005e-26,1.7858e-29,-3.3621e-27,1.5724e-27,-4.9391e-28,1.8461e-28,-1.0126e-28,5.3079e-29,-2.0383e-29,4.9259e-30,-6.4471e-31,4.0975e-31,-6.0664e-31,4.5601e-31,-1.8076e-31,4.6919e-33,4.3472e-32,-2.7115e-32,2.7622e-33,8.1862e-33,-7.5294e-33,3.0307e-33,3.3286e-34,-1.4306e-33,1.1134e-33,-4.2661e-34,-3.9238e-35,2.0801e-34,-1.7851e-34,8.4624e-35,-3.1782e-35,-3.6376e-35,0
0,0.064309,0.12836,0.18216,0.21666,0.22637,0.21121,0.17675,0.13243,0.088345,0.05206,0.026833,0.01196,0.0045525,0.0014588,0.00038717,8.3451e-05,1.4249e-05,1.8637e-06,1.7776e-07,1.1413e-08,4.2205e-10,5.5734e-12,-5.935e-14,-2.481e-17,-2.2444e-18,1.1656e-19,-9.5915e-22,-6.4144e-22,1.0212e-22,-7.7792e-24,-6.7583e-25,3.8262e-25,-7.5447e-26,7.5701e-27,-5.8197e-28,6.7125e-28,-4.9391e-28,2.2793e-28,-9.3199e-29,4.4175e-29,-2.3496e-29,1.1327e-29,-4.319e-30,1.2332e-30,-3.293e-31,1.9648e-31,-1.7165e-31,1.0807e-31,-3.9087e-32,-3.7181e-34,1.0051e-32,-5.626e-33,-8.978e-35,2.414e-33,-1.9654e-33,6.9034e-34,1.894e-34,-4.4245e-34,3.136e-34,-1.0767e-34,-2.8963e-35,7.2425e-35,-5.051e-35,3.3953e-35,5.9224e-36,0
0,0.023017,0.045732,0.064495,0.076086,0.078662,0.072412,0.059573,0.043688,0.028376,0.016177,0.0080059,0.0033961,0.0012171,0.0003625,8.7963e-05,1.6961e-05,2.5111e-06,2.7077e-07,1.9327e-08,7.1221e-10,-3.0905e-12,-1.1177e-12,-1.9801e-14,1.5382e-17,9.3435e-20,-3.159e-20,2.6557e-21,-1.0524e-22,-1.4023e-23,4.2379e-24,-5.3566e-25,-7.4931e-27,2.3324e-26,-7.0426e-27,1.5124e-27,-4.0474e-28,1.8461e-28,-9.3199e-29,4.3543e-29,-2.0708e-29,1.078e-29,-5.6818e-30,2.6848e-30,-1.0591e-30,3.5252e-31,-1.2602e-31,7.2091e-32,-5.0601e-32,2.8307e-32,-9.5361e-33,-2.878e-34,2.4488e-33,-1.1986e-33,-2.4107e-34,7.5466e-34,-5.4875e-34,1.6036e-34,8.8381e-35,-1.4395e-34,9.4215e-35,-2.7206e-35,-1.6752e-35,2.1889e-35,-2.2512e-35,4.4507e-36,0
0,0.0067338,0.013319,0.018666,0.021835,0.022323,0.020251,0.016349,0.011701,0.007369,0.0040402,0.0019038,0.00075948,0.000252,6.8063e-05,1.4552e-05,2.3644e-06,2.7222e-07,1.8843e-08,2.8163e-10,-7.0545e-11,-5.3518e-12,-8.8764e-14,1.5962e-15,-6.994e-18,1.7691e-19,-1.8944e-21,-5.2592e-22,8.2294e-23,-6.5421e-24,-2.4789e-25,2.0611e-25,-3.8935e-26,1.411e-27,1.7401e-27,-8.0616e-28,2.7464e-28,-1.0126e-28,4.4175e-29,-2.0708e-29,1.0015e-29,-5.1556e-30,2.7949e-30,-1.4766e-30,7.0352e-31,-2.9183e-31,1.0991e-31,-4.5615e-32,2.5394e-32,-1.5801e-32,8.1382e-33,-2.61e-33,-8.3537e-35,6.2106e-34,-2.4841e-34,-1.3787e-34,2.471e-34,-1.626e-34,3.6124e-35,3.8606e-35,-4.9706e-35,3.0139e-35,-4.6572e-36,-5.1205e-36,1.114e-35,-6.0632e-36,0
0,0.0015554,0.0030625,0.0042636,0.0049413,0.0049883,0.0044494,0.0035122,0.0024407,0.001479,0.00077139,0.00034069,0.00012491,3.7061e-05,8.5899e-06,1.468e-06,1.6325e-07,6.8805e-09,-9.9119e-10,-1.7508e-10,-8.3369e-12,2.4755e-13,2.9705e-14,3.8595e-16,1.4746e-19,-4.6842e-20,3.0894e-21,-1.1046e-22,-1.1112e-23,3.3091e-24,-4.2612e-25,9.232e-27,1.118e-26,-3.0965e-27,2.3184e-28,1.7256e-28,-1.153e-28,5.3079e-29,-2.3496e-29,1.078e-29,-5.1556e-30,2.6054e-30,-1.4044e-30,7.7861e-31,-4.1534e-31,2.0216e-31,-8.8469e-32,3.6659e-32,-1.66e-32,9.0838e-33,-5.2503e-33,2.5502e-33,-7.9222e-34,-9.5424e-36,1.5893e-34,-4.6097e-35,-6.5734e-35,8.683e-35,-4.8613e-35,6.8082e-36,1.5381e-35,-1.9266e-35,8.8441e-36,-1.5472e-36,-3.5695e-36,4.4606e-36,0
0,0.00026941,0.00052785,0.00072927,0.00083592,0.00083088,0.0007254,0.00055608,0.00037143,0.00021337,0.00010354,4.144e-05,1.3232e-05,3.1981e-06,5.2515e-07,3.9261e-08,-4.9045e-09,-1.6613e-09,-1.4969e-10,4.8982e-12,1.8787e-12,1.0249e-13,-7.291e-16,-9.9133e-17,4.6334e-19,-2.9617e-21,-6.358e-22,8.2388e-23,-5.6112e-24,-2.5014e-25,1.6916e-25,-3.2347e-26,2.5137e-27,5.9134e-28,-2.607e-28,2.4268e-29,2.4633e-29,-2.0383e-29,1.1327e-29,-5.6818e-30,2.7949e-30,-1.4044e-30,7.4255e-31,-4.1361e-31,2.3335e-31,-1.263e-31,6.3144e-32,-2.9073e-32,1.2968e-32,-6.2146e-33,3.365e-33,-1.8526e-33,8.6696e-34,-2.6527e-34,3.4517e-36,3.6976e-35,-2.9627e-36,-2.6969e-35,3.2591e-35,-1.6462e-35,-6.4711e-37,7.5231e-36,-5.7083e-36,3.5791e-36,-4.3633e-37,-2.6077e-36,0
0,3.2137e-05,6.2589e-05,8.5631e-05,9.671e-05,9.4066e-05,7.9611e-05,5.8398e-05,3.6651e-05,1.9267e-05,8.2165e-06,2.697e-06,6.1125e-07,6.3725e-08,-1.1823e-08,-5.8202e-09,-7.9793e-10,3.8943e-11,2.6201e-11,2.7079e-12,-4.0639e-14,-2.2556e-14,-9.4946e-16,1.8847e-18,-1.2321e-19,4.7669e-21,-1.0748e-22,-1.4138e-23,3.1631e-24,-3.3958e-25,-9.0965e-28,1.0677e-26,-2.9184e-27,4.0338e-28,1.2904e-29,-2.0373e-29,8.101e-31,4.9259e-30,-4.319e-30,2.6848e-30,-1.4766e-30,7.7861e-31,-4.1361e-31,2.2833e-31,-1.3077e-31,7.5046e-32,-4.1339e-32,2.1268e-32,-1.025e-32,4.8424e-33,-2.415e-33,1.3025e-33,-6.9229e-34,3.1413e-34,-9.995e-35,5.4496e-36,1.0349e-35,5.6725e-36,-1.328e-35,9.7718e-36,-6.0275e-36,-2.229e-38,3.7716e-36,-2.8383e-36,1.0967e-36,1.0161e-36,0
0,2.2324e-06,4.3099e-06,5.8063e-06,6.3974e-06,5.9901e-06,4.7855e-06,3.2165e-06,1.7629e-06,7.4163e-07,2.0669e-07,1.5756e-08,-1.6082e-08,-7.8536e-09,-1.2707e-09,1.966e-10,1.2427e-10,1.7838e-11,-9.7436e-13,-5.6495e-13,-5.0209e-14,7.2178e-16,2.3808e-16,4.3459e-18,-6.5997e-22,-1.2244e-21,1.0207e-22,-4.5547e-24,-4.4947e-25,1.6491e-25,-2.5334e-26,9.5037e-28,8.0544e-28,-3.1182e-28,6.4448e-29,-5.7657e-30,-5.8591e-31,-6.4471e-31,1.2332e-30,-1.0591e-30,7.0352e-31,-4.1534e-31,2.3335e-31,-1.3077e-31,7.513e-32,-4.4155e-32,2.5799e-32,-1.4486e-32,7.6678e-33,-3.8495e-33,1.9038e-33,-9.7676e-34,5.2584e-34,-2.7635e-34,1.2088e-34,-3.7205e-35,7.1803e-36,1.234e-36,1.0882e-36,-7.0751e-36,5.6938e-36,-1.9895e-37,-8.1733e-37,4.501e-37,-1.5126e-36,1.3124e-37,0
0,5.487e-08,1.0366e-07,1.3389e-07,1.3696e-07,1.127e-07,7.1223e-08,2.9035e-08,4.8679e-10,-9.9713e-09,-8.1439e-09,-3.111e-09,-1.4568e-10,4.5257e-10,2.1288e-10,2.8806e-11,-8.5586e-12,-3.9109e-12,-4.4446e-13,4.0889e-14,1.3582e-14,8.4316e-16,-1.4048e-17,-1.2974e-18,1.063e-20,-3.8239e-23,-2.6292e-23,3.5718e-24,-2.5492e-25,-1.8061e-26,1.1109e-26,-2.306e-27,1.8169e-28,7.0156e-29,-3.9061e-29,1.1152e-29,-2.1154e-30,4.0975e-31,-3.293e-31,3.5252e-31,-2.9183e-31,2.0216e-31,-1.263e-31,7.5046e-32,-4.4155e-32,2.6319e-32,-1.5853e-32,9.4394e-33,-5.4099e-33,2.9404e-33,-1.5293e-33,7.8632e-34,-4.1383e-34,2.2069e-34,-1.1374e-34,5.2771e-35,-1.5395e-35,8.769e-37,-2.7681e-36,2.5443e-36,-7.8024e-37,2.1873e-36,-1.5098e-36,-7.1747e-37,1.2809e-36,-1.0391e-37,0
0,-6.2095e-10,-1.209e-09,-1.6626e-09,-1.8959e-09,-1.8437e-09,-1.4765e-09,-8.5305e-10,-1.6746e-10,3.1194e-10,4.3058e-10,2.7791e-10,8.1418e-11,-1.5265e-11,-2.3471e-11,-8.1932e-12,-4.9183e-13,4.851e-13,1.4444e-13,1.0421e-14,-1.6672e-15,-2.9972e-16,-1.0252e-17,1.3012e-19,-3.9091e-21,1.4786e-22,-1.5093e-24,-9.3073e-25,1.8142e-25,-1.8556e-26,-7.6444e-28,9.2727e-28,-2.5097e-28,3.0561e-29,6.7866e-30,-5.6766e-30,2.1375e-30,-6.0664e-31,1.9648e-31,-1.2602e-31,1.0991e-31,-8.8469e-32,6.3144e-32,-4.1339e-32,2.5799e-32,-1.5853e-32,9.7747e-33,-6.0326e-33,3.6581e-33,-2.1409e-33,1.1957e-33,-6.4013e-34,3.3856e-34,-1.8222e-34,9.9386e-35,-4.8737e-35,2.0683e-35,-9.4174e-36,1.8525e-36,1.3515e-36,2.0068e-36,-2.4625e-36,-3.1402e-37,1.5466e-37,1.6813e-37,2.573e-37,0
0,3.2765e-11,6.3711e-11,8.7268e-11,9.87e-11,9.503e-11,7.5749e-11,4.3818e-11,6.8697e-12,-2.3298e-11,-3.5852e-11,-2.9203e-11,-1.349e-11,-1.4981e-12,2.2775e-12,1.4881e-12,3.4568e-13,-1.9008e-14,-2.7887e-14,-5.3538e-15,-1.7026e-16,5.4386e-17,4.8071e-18,5.0656e-20,5.4809e-22,-6.0625e-23,4.1697e-24,-8.1621e-26,-4.7534e-26,1.2408e-26,-1.7031e-27,-1.3832e-29,9.2468e-29,-3.1958e-29,5.322e-30,6.9216e-31,-9.4827e-31,4.5601e-31,-1.7165e-31,7.2091e-32,-4.5615e-32,3.6659e-32,-2.9073e-32,2.1268e-32,-1.4486e-32,9.4394e-33,-6.0326e-33,3.8323e-33,-2.4229e-33,1.5001e-33,-8.9216e-34,5.1116e-34,-2.8262e-34,1.5321e-34,-8.2626e-35,4.4553e-35,-2.4376e-35,9.7795e-36,-1.7297e-36,2.1358e-36,-1.5157e-36,-6.1997e-37,-2.6615e-37,1.2009e-36,3.4783e-38,-4.6518e-37,0
0,-2.8588e-12,-5.5167e-12,-7.4496e-12,-8.2265e-12,-7.6177e-12,-5.6629e-12,-2.7087e-12,5.7856e-13,3.2814e-12,4.5161e-12,3.9657e-12,2.2655e-12,6.2281e-13,-1.7552e-13,-2.4575e-13,-9.7663e-14,-1.2486e-14,3.4037e-15,1.4738e-15,1.7561e-16,-2.9819e-19,-1.1762e-18,-3.2359e-20,1.8328e-22,1.0358e-23,-1.8647e-24,1.8772e-25,-6.0347e-27,-3.222e-27,1.0841e-27,-1.9117e-28,5.4655e-30,1.0649e-29,-4.6637e-30,9.9419e-31,6.7736e-32,-1.8076e-31,1.0807e-31,-5.0601e-32,2.5394e-32,-1.66e-32,1.2968e-32,-1.025e-32,7.6678e-33,-5.4099e-33,3.6581e-33,-2.4229e-33,1.5861e-33,-1.0206e-33,6.4643e-34,-3.9379e-34,2.2816e-34,-1.296e-34,7.2291e-35,-4.0189e-35,2.1425e-35,-9.7053e-36,5.7456e-36,-2.4915e-36,-7.9626e-37,-3.2349e-37,1.2992e-36,-5.398e-38,-2.5436e-37,-1.822e-38,0
0,3.2005e-13,6.0961e-13,8.0288e-13,8.4804e-13,7.2231e-13,4.4037e-13,5.5558e-14,-3.4557e-13,-6.5713e-13,-7.8375e-13,-6.8884e-13,-4.3581e-13,-1.6666e-13,-2.9394e-15,3.927e-14,2.3515e-14,5.9699e-15,1.5305e-16,-2.9113e-16,-6.6142e-17,-4.4284e-18,1.0451e-19,1.0055e-20,-1.5852e-22,2.9234e-24,3.6747e-25,-8.9821e-26,1.2019e-26,-5.8403e-28,-2.7317e-28,1.1624e-28,-2.5557e-29,1.7578e-30,1.3678e-30,-7.6498e-31,2.0047e-31,4.6919e-33,-3.9087e-32,2.8307e-32,-1.5801e-32,9.0838e-33,-6.2146e-33,4.8424e-33,-3.8495e-33,2.9404e-33,-2.1409e-33,1.5001e-33,-1.0206e-33,6.8875e-34,-4.5473e-34,2.8919e-34,-1.8153e-34,1.0846e-34,-6.129e-35,3.5635e-35,-1.9231e-35,1.0934e-35,-6.0266e-36,1.4105e-36,-7.619e-37,1.3325e-36,1.2736e-37,-3.3241e-37,-4.4987e-37,1.2645e-37,0
0,-3.8499e-14,-7.1345e-14,-8.8773e-14,-8.3532e-14,-5.3311e-14,-1.9716e-15,6.0694e-14,1.2054e-13,1.6194e-13,1.7218e-13,1.4748e-13,9.7767e-14,4.439e-14,7.8405e-15,-5.8518e-15,-5.413e-15,-2.005e-15,-3.0227e-16,2.9272e-17,1.7937e-17,2.2748e-18,6.7931e-20,-1.6132e-21,6.2037e-23,-3.1687e-24,9.1271e-26,1.9582e-26,-6.04e-27,1.0195e-27,-7.08e-29,-2.7637e-29,1.4823e-29,-3.9775e-30,4.4651e-31,1.8751e-31,-1.3843e-31,4.3472e-32,-3.7181e-34,-9.5361e-33,8.1382e-33,-5.2503e-33,3.365e-33,-2.415e-33,1.9038e-33,-1.5293e-33,1.1957e-33,-8.9216e-34,6.4643e-34,-4.5473e-34,3.0961e-34,-2.1166e-34,1.3853e-34,-8.474e-35,5.3966e-35,-3.1149e-35,1.7072e-35,-1.0937e-35,5.0878e-36,-2.2675e-36,2.1147e-36,-3.0167e-37,-3.9179e-37,-4.3841e-37,3.5749e-37,8.2044e-38,0
0,3.357e-15,5.5035e-15,4.898e-15,5.0878e-16,-7.755e-15,-1.8855e-14,-3.0739e-14,-4.0733e-14,-4.6158e-14,-4.5128e-14,-3.7468e-14,-2.5321e-14,-1.2703e-14,-3.5511e-15,6.2573e-16,1.2207e-15,6.0732e-16,1.4695e-16,9.8617e-18,-3.3868e-18,-7.892e-19,-4.9783e-20,-3.0323e-22,-1.374e-23,1.4395e-24,-1.1922e-25,4.5709e-27,1.4061e-27,-5.2873e-28,1.0905e-28,-1.0358e-29,-3.1974e-30,2.1906e-30,-7.0684e-31,1.1236e-31,2.5466e-32,-2.7115e-32,1.0051e-32,-2.878e-34,-2.61e-33,2.5502e-33,-1.8526e-33,1.3025e-33,-9.7676e-34,7.8632e-34,-6.4013e-34,5.1116e-34,-3.9379e-34,2.8919e-34,-2.1166e-34,1.4909e-34,-9.8925e-35,6.9556e-35,-4.3921e-35,2.4973e-35,-1.7365e-35,9.6717e-36,-4.0573e-36,3.853e-36,-1.6885e-36,-1.8041e-37,-5.6485e-37,4.8514e-37,1.5546e-37,-1.2033e-38,0
0,6.1726e-16,1.5228e-15,2.93e-15,4.9405e-15,7.4674e-15,1.021e-14,1.2695e-14,1.4372e-14,1.4753e-14,1.3572e-14,1.0943e-14,7.4404e-15,3.9699e-15,1.3939e-15,7.3608e-17,-2.6343e-16,-1.7628e-16,-5.7068e-17,-8.7034e-18,5.5606e-20,2.0437e-19,2.1321e-20,3.8691e-22,-8.6203e-25,-3.8594e-25,6.0644e-26,-6.8526e-27,3.3515e-28,1.2726e-28,-5.743e-29,1.4178e-29,-1.775e-30,-4.0365e-31,3.6706e-31,-1.4108e-31,2.9481e-32,2.7622e-33,-5.626e-33,2.4488e-33,-8.3537e-35,-7.9222e-34,8.6696e-34,-6.9229e-34,5.2584e-34,-4.1383e-34,3.3856e-34,-2.8262e-34,2.2816e-34,-1.8153e-34,1.3853e-34,-9.8925e-35,7.5292e-35,-5.1793e-35,3.1934e-35,-2.4385e-35,1.5013e-35,-6.4053e-36,6.2042e-36,-3.7293e-36,3.154e-37,-9.676e-37,1.1061e-36,2.426e-37,-1.4735e-37,-2.0624e-37,0
0,-6.4991e-16,-1.3738e-15,-2.1744e-15,-3.0296e-15,-3.8813e-15,-4.6356e-15,-5.1758e-15,-5.3871e-15,-5.1878e-15,-4.5618e-15,-3.5864e-15,-2.4376e-15,-1.353e-15,-5.4461e-16,-9.9853e-17,4.8847e-17,4.956e-17,2.0278e-17,4.3895e-18,3.7452e-19,-2.8857e-20,-6.8447e-21,-2.0101e-22,2.7827e-24,4.648e-27,-1.856e-26,3.7963e-27,-5.4315e-28,3.3835e-29,1.3845e-29,-7.4696e-30,2.1764e-30,-3.4807e-31,-5.1787e-32,6.838e-32,-3.1176e-32,8.1862e-33,-8.978e-35,-1.1986e-33,6.2106e-34,-9.5424e-36,-2.6527e-34,3.1413e-34,-2.7635e-34,2.2069e-34,-1.8222e-34,1.5321e-34,-1.296e-34,1.0846e-34,-8.474e-35,6.9556e-35,-5.1793e-35,3.456e-35,-2.8861e-35,1.9571e-35,-9.0916e-36,9.18e-36,-6.1645e-36,9.4063e-37,-1.7329e-36,2.1431e-36,1.5529e-37,-2.2648e-37,-4.4077e-37,1.5031e-37,0
0,3.7296e-16,7.6567e-16,1.1582e-15,1.5255e-15,1.838e-15,2.0641e-15,2.1745e-15,2.1483e-15,1.9793e-15,1.6818e-15,1.2941e-15,8.7657e-16,4.9933e-16,2.1971e-16,5.8991e-17,-3.8983e-18,-1.32e-17,-6.8469e-18,-1.8742e-18,-2.6215e-19,-9.2009e-21,1.4939e-21,7.582e-23,-1.7793e-24,6.8527e-26,1.1216e-27,-1.2762e-27,3.1998e-28,-5.5738e-29,4.4552e-30,1.7423e-30,-1.1313e-30,3.853e-31,-7.6658e-32,-5.6475e-33,1.3906e-32,-7.5294e-33,2.414e-33,-2.4107e-34,-2.4841e-34,1.5893e-34,3.4517e-36,-9.995e-35,1.2088e-34,-1.1374e-34,9.9386e-35,-8.2626e-35,7.2291e-35,-6.129e-35,5.3966e-35,-4.3921e-35,3.1934e-35,-2.8861e-35,2.1294e-35,-1.0894e-35,1.1789e-35,-8.6323e-36,1.8104e-36,-2.7813e-36,3.5222e-36,2.2697e-38,-1.6932e-37,-9.7647e-37,2.5819e-37,1.5391e-37,0
0,-1.933e-16,-3.9179e-16,-5.805e-16,-7.4385e-16,-8.6748e-16,-9.3999e-16,-9.5451e-16,-9.0992e-16,-8.1147e-16,-6.7109e-16,-5.0697e-16,-3.4166e-16,-1.9794e-16,-9.2534e-17,-3.0316e-17,-3.3954e-18,3.062e-18,2.2029e-18,7.3575e-19,1.3419e-19,1.1056e-20,2.0249e-23,-2.092e-23,7.8906e-25,-5.1422e-26,3.0384e-27,1.1673e-28,-1.1477e-28,3.4188e-29,-7.0851e-30,7.2741e-31,2.4483e-31,-1.9499e-31,7.7155e-32,-1.8677e-32,-3.6896e-35,3.0307e-33,-1.9654e-33,7.5466e-34,-1.3787e-34,-4.6097e-35,3.6976e-35,5.4496e-36,-3.7205e-35,5.2771e-35,-4.8737e-35,4.4553e-35,-4.0189e-35,3.5635e-35,-3.1149e-35,2.4973e-35,-2.4385e-35,1.9571e-35,-1.0894e-35,1.2829e-35,-1.0198e-35,2.6646e-36,-3.9826e-36,4.9936e-36,-1.9881e-37,4.5992e-38,-1.7161e-36,5.0134e-37,4.1174e-37,1.2484e-37,0
0,9.8251e-17,1.9771e-16,2.8947e-16,3.6495e-16,4.1713e-16,4.4166e-16,4.3738e-16,4.0637e-16,3.5358e-16,2.8618e-16,2.1283e-16,1.4259e-16,8.3505e-17,4.071e-17,1.5055e-17,3.1863e-18,-4.1263e-19,-6.5764e-19,-2.7182e-19,-6.0255e-20,-6.8651e-21,-2.7082e-22,2.417e-24,-2.6001e-25,2.5517e-26,-2.5988e-27,2.0231e-28,1.2505e-29,-1.2778e-29,4.4425e-30,-1.0791e-30,1.4117e-31,3.6879e-32,-3.7498e-32,1.719e-32,-4.9747e-33,3.3286e-34,6.9034e-34,-5.4875e-34,2.471e-34,-6.5734e-35,-2.9627e-36,1.0349e-35,7.1803e-36,-1.5395e-35,2.0683e-35,-2.4376e-35,2.1425e-35,-1.9231e-35,1.7072e-35,-1.7365e-35,1.5013e-35,-9.0916e-36,1.1789e-35,-1.0198e-35,3.0184e-36,-4.7934e-36,6.2201e-36,-4.926e-37,4.2425e-37,-2.5924e-36,7.2318e-37,5.8708e-37,3.3843e-37,-3.4485e-37,0
0,-5.1022e-17,-1.0216e-16,-1.4837e-16,-1.8494e-16,-2.0836e-16,-2.1688e-16,-2.107e-16,-1.9182e-16,-1.6355e-16,-1.2995e-16,-9.5252e-17,-6.3372e-17,-3.7326e-17,-1.8729e-17,-7.4964e-18,-2.0617e-18,-1.6819e-19,1.6528e-19,9.3891e-20,2.4913e-20,3.4899e-21,2.0984e-22,1.9451e-24,4.7925e-26,-9.4331e-27,1.4058e-27,-1.9143e-28,1.8537e-29,1.4571e-30,-1.6938e-30,6.8044e-31,-1.917e-31,3.1481e-32,5.5932e-33,-7.8984e-33,4.1957e-33,-1.4306e-33,1.894e-34,1.6036e-34,-1.626e-34,8.683e-35,-2.6969e-35,5.6725e-36,1.234e-36,8.769e-37,-9.4174e-36,9.7795e-36,-9.7053e-36,1.0934e-35,-1.0937e-35,9.6717e-36,-6.4053e-36,9.18e-36,-8.6323e-36,2.6646e-36,-4.7934e-36,6.6836e-36,-7.2363e-37,8.2221e-37,-3.413e-36,1.0017e-36,7.225e-37,7.9022e-37,-6.4917e-37,2.586e-38,0
0,2.663e-17,5.315e-17,7.6774e-17,9.4979e-17,1.0597e-16,1.0901e-16,1.0449e-16,9.3727e-17,7.8705e-17,6.1638e-17,4.4652e-17,2.9516e-17,1.7437e-17,8.9253e-18,3.768e-18,1.1958e-18,2.1663e-19,-2.1148e-20,-2.9215e-20,-9.5985e-21,-1.5923e-21,-1.2019e-22,-2.0307e-24,1.5014e-26,2.1571e-27,-5.6379e-28,1.1041e-28,-1.8752e-29,2.2068e-30,1.8178e-31,-2.5971e-31,1.199e-31,-3.8856e-32,7.8534e-33,7.4388e-34,-1.7978e-33,1.1134e-33,-4.4245e-34,8.8381e-35,3.6124e-35,-4.8613e-35,3.2591e-35,-1.328e-35,1.0882e-36,-2.7681e-36,1.8525e-36,-1.7297e-36,5.7456e-36,-6.0266e-36,5.0878e-36,-4.0573e-36,6.2042e-36,-6.1645e-36,1.8104e-36,-3.9826e-36,6.2201e-36,-7.2363e-37,9.937e-37,-3.9296e-36,1.2196e-36,7.3266e-37,1.2465e-36,-9.9599e-37,-1.4835e-37,8.0527e-40,0
